$SPEC_ID:
No sample description was entered.
$SPEC_REM:
DET# 1
DETDESC# IPNP-PRAKA0 MCB 129
AP# Maestro Version 7.01
$DATE_MEA:
11/22/2021 16:56:39
$MEAS_TIM:
2805 2822
$DATA:
0 8191
       0
       0
       0
       0
       0
       0
       0
       0
       0
       1
       0
       1
       0
       0
       0
       2
       1
       0
       0
       0
       0
       1
       2
      70
     456
    2036
    8030
     586
     449
     495
     649
     770
     850
     985
    1102
     995
     951
     881
     831
     814
     812
     757
     746
     763
     759
     785
     720
     744
     749
     725
     729
     688
     748
     695
     740
     699
     720
     661
     666
     657
     715
     661
     682
     686
     616
     657
     641
     616
     593
     597
     643
     610
     571
     601
     579
     653
     584
     569
     596
     576
     569
     572
     569
     583
     587
     568
     534
     568
     538
     581
     584
     518
     544
     523
     558
     619
     553
     533
     540
     513
     571
     534
     521
     501
     532
     546
     498
     522
     524
     530
     570
     553
     478
     529
     523
     544
     528
     496
     522
     533
     494
     550
     548
     551
     554
     575
     506
     544
     550
     553
     553
     599
     507
     517
     570
     571
     597
     589
     618
     587
     585
     585
     583
     656
     635
     615
     609
     601
     615
     650
     688
     610
     627
     643
     636
     692
     645
     615
     697
     698
     623
     667
     722
     718
     673
     709
     703
     676
     703
     703
     736
     766
     749
     746
     754
     717
     817
     723
     751
     741
     746
     839
     809
     757
     805
     800
     790
     779
     795
     791
     809
     842
     868
     836
     812
     751
     818
     820
     790
     765
     779
     760
     811
     807
     871
     896
     860
     816
     862
     828
     891
     888
     855
     839
     853
     846
     855
     881
     861
     884
     850
     875
     888
     909
     910
     867
     897
     879
     910
     932
     799
     831
     821
     888
     852
     876
     825
     865
     878
     822
     871
     861
     852
     900
     829
     866
     887
     883
     898
     914
     839
     828
     847
     838
     862
     857
     892
     851
     831
     847
     852
     882
     783
     841
     825
     878
     799
     836
     857
     844
     950
     916
     853
     851
     821
     816
     790
     879
     844
     843
     819
     837
     858
     815
     796
     816
     834
     836
     894
     834
     862
     829
     764
     828
     851
     832
     786
     785
     789
     749
     794
     760
     793
     851
     819
     764
     859
     790
     788
     807
     833
     765
     763
     796
     761
     749
     755
     808
     755
     756
     747
     734
     790
     730
     747
     745
     722
     690
     703
     744
     755
     715
     710
     726
     649
     703
     695
     713
     672
     691
     708
     691
     706
     697
     646
     650
     686
     679
     673
     649
     666
     634
     669
     734
     619
     628
     684
     684
     681
     637
     660
     623
     651
     582
     633
     605
     613
     632
     640
     638
     605
     637
     586
     560
     597
     590
     600
     618
     582
     561
     615
     621
     601
     544
     594
     539
     591
     525
     583
     551
     540
     588
     584
     542
     560
     536
     535
     524
     525
     538
     560
     534
     563
     571
     549
     509
     524
     505
     514
     530
     577
     584
     515
     544
     499
     529
     528
     521
     487
     500
     502
     510
     519
     503
     464
     537
     481
     478
     505
     501
     490
     516
     466
     527
     482
     476
     525
     497
     529
     453
     510
     506
     494
     428
     451
     467
     453
     450
     479
     469
     434
     444
     489
     460
     470
     449
     451
     466
     464
     419
     474
     415
     440
     416
     436
     402
     445
     455
     423
     446
     415
     430
     421
     439
     397
     467
     408
     401
     409
     379
     396
     437
     420
     416
     408
     418
     397
     400
     433
     404
     420
     417
     404
     377
     376
     359
     406
     416
     426
     371
     396
     387
     399
     412
     391
     392
     355
     396
     384
     382
     428
     364
     369
     408
     364
     381
     393
     363
     394
     344
     372
     370
     379
     375
     351
     378
     394
     364
     369
     406
     341
     368
     344
     356
     366
     346
     346
     374
     364
     360
     360
     355
     371
     309
     367
     322
     326
     343
     332
     351
     346
     333
     336
     334
     325
     343
     370
     355
     373
     387
     449
     444
     388
     335
     327
     334
     353
     347
     330
     345
     317
     335
     315
     327
     370
     293
     311
     331
     286
     308
     304
     327
     298
     285
     302
     321
     284
     296
     298
     331
     277
     293
     276
     306
     280
     277
     290
     299
     270
     277
     275
     278
     267
     293
     270
     286
     306
     299
     296
     270
     278
     264
     255
     247
     260
     287
     294
     256
     259
     256
     277
     252
     238
     231
     255
     294
     230
     251
     264
     233
     236
     267
     246
     251
     262
     235
     284
     248
     242
     263
     274
     235
     264
     265
     219
     238
     261
     257
     249
     232
     253
     233
     243
     227
     240
     234
     212
     231
     233
     278
     255
     212
     246
     231
     225
     221
     238
     253
     237
     224
     237
     256
     242
     229
     234
     238
     238
     219
     231
     221
     215
     220
     225
     224
     229
     212
     203
     214
     216
     220
     202
     227
     243
     294
     286
     225
     231
     223
     224
     191
     232
     228
     218
     196
     212
     210
     212
     207
     207
     219
     224
     249
     204
     190
     209
     202
     225
     178
     200
     178
     169
     202
     197
     196
     202
     191
     179
     201
     226
     189
     189
     209
     198
     193
     221
     193
     183
     194
     190
     177
     181
     183
     195
     207
     167
     228
     214
     194
     206
     195
     186
     187
     211
     199
     185
     167
     183
     188
     183
     181
     182
     191
     168
     184
     185
     173
     164
     178
     189
     178
     191
     189
     181
     185
     206
     176
     173
     207
     180
     178
     188
     171
     176
     165
     191
     170
     185
     195
     183
     183
     157
     177
     201
     196
     191
     216
     216
     164
     167
     169
     177
     190
     183
     171
     170
     165
     167
     160
     180
     171
     187
     188
     196
     175
     195
     187
     173
     167
     145
     140
     170
     176
     185
     149
     158
     229
     258
     262
     228
     190
     168
     159
     158
     166
     178
     173
     176
     164
     169
     159
     152
     176
     142
     145
     157
     158
     151
     151
     137
     144
     151
     164
     146
     153
     155
     153
     132
     159
     160
     154
     159
     156
     151
     167
     148
     155
     173
     141
     148
     147
     144
     142
     135
     157
     132
     151
     158
     151
     147
     135
     150
     170
     150
     145
     153
     149
     139
     136
     144
     149
     152
     141
     145
     136
     158
     147
     136
     175
     135
     161
     131
     180
     156
     150
     144
     148
     148
     142
     138
     138
     125
     146
     165
     153
     157
     164
     141
     140
     134
     132
     139
     139
     143
     140
     141
     123
     163
     148
     144
     138
     142
     136
     117
     152
     134
     132
     143
     141
     142
     135
     140
     139
     133
     136
     129
     132
     134
     134
     123
     167
     138
     133
     133
     129
     128
     140
     137
     131
     148
     131
     161
     127
     128
     127
     156
     138
     120
     128
     134
     158
     137
     126
     136
     131
     122
     125
     115
     124
     124
     149
     135
     142
     137
     132
     137
     131
     134
     119
     103
     158
     113
     146
     152
     134
     117
     108
     137
     116
     133
     134
     124
     133
     121
     127
     111
     127
     113
     129
     116
     143
     122
     129
     124
     121
     125
     160
     134
     118
     137
     120
     123
     128
     141
     136
     131
     144
     122
     118
     122
     136
     134
     133
     119
     102
     126
     116
     126
     130
     127
     131
     105
     126
     124
     132
     125
     102
     123
     103
     114
     135
     124
     119
     119
      92
     106
     107
     123
     111
     116
     127
     121
     125
     131
     125
     117
     119
     118
     111
     123
     113
     111
     113
     128
     122
     122
     127
     131
     104
     107
     112
     121
     100
     118
     105
     119
     120
     112
     139
     133
     101
     115
     137
     119
     102
     106
     118
     110
     105
     117
      92
     109
     114
     100
     108
     110
     107
     118
     110
     108
     142
     127
     112
      96
     103
     112
      83
     121
     120
     106
     124
     103
     112
      91
     131
     120
     122
     107
     101
     105
      99
     115
     118
      97
      98
     109
     106
      98
      98
     104
     121
     114
      91
     106
      94
     127
     131
     104
      94
     106
     117
      80
     113
     108
      91
     102
     105
     104
     107
      93
     113
     101
     119
      95
      92
     122
     108
     104
     104
     101
      90
     102
      84
      94
      88
     105
     106
     105
     103
      99
     109
     104
     103
     102
     100
     113
      89
      84
     105
     102
      97
     107
     104
      92
     112
     101
     133
     132
     151
     154
     174
     205
     186
     181
     148
     146
     115
      92
     120
      97
     103
     101
     101
      95
     105
     104
      94
      98
      97
      82
      87
      87
     106
     108
      96
     101
     111
     100
     107
      90
     110
      96
     102
     102
     109
      99
     105
      99
      98
      92
      84
      99
      90
     100
     108
      89
      87
     108
      85
      88
      91
      87
     112
      93
     104
     106
      79
      80
      94
      82
     103
      95
      89
      99
     113
      96
     108
      91
      91
      92
      89
      92
      91
      90
     106
      84
      96
     103
      95
      96
      91
      84
      90
      89
     101
      80
      79
      88
      91
     103
      92
      78
      86
      98
      88
      85
     103
      78
     112
      79
      99
      77
     104
      95
      88
      82
      93
      82
     103
      89
      84
      92
      86
      84
      77
      94
     106
      92
      87
      89
      96
      87
      99
      92
      81
      92
      88
      87
      76
      84
      67
      84
      73
     103
      78
      92
      96
     113
     103
      97
     122
      99
      79
      97
      76
      83
     104
      97
      73
      75
      91
      63
      90
      87
      86
      83
      83
      74
      82
      86
      95
      92
      84
      93
      89
      89
      93
      80
     103
     119
     130
     141
     125
      92
      93
      88
      58
      83
      96
      82
      85
      80
      78
      86
      87
      85
      77
      93
      82
      83
      83
      94
      77
      92
      93
      88
     100
      88
      88
      81
      85
      80
      79
      68
      62
      99
      78
      75
      75
      77
      86
     100
      75
      73
      81
      83
      84
      74
      77
      65
      82
      80
      86
      77
      97
     105
      77
      88
     100
     142
     227
     337
     418
     331
     245
     133
      90
      94
      72
      72
      82
      71
      70
      63
      73
      82
      80
      82
      63
      88
      85
      89
      81
      76
      67
      88
      96
      75
      72
      73
      80
      79
      77
      72
      74
      66
      78
      79
      84
      90
      71
      69
      82
      96
      76
      81
      78
      81
      87
      81
      77
      86
      78
      84
      80
      78
      77
      94
      66
      75
      84
      80
      83
      75
      66
      71
      86
      82
      94
      77
      75
      79
      68
      76
      63
      85
      77
      75
      71
      76
      71
      51
      85
      73
      77
      75
      86
      65
      58
      77
      62
      66
      71
      85
      67
      71
      63
      68
      92
      84
      90
      73
      80
      59
      72
      77
      85
      66
      63
      84
      71
     102
      81
      79
      60
      73
      86
      82
      73
      65
      77
      79
      89
     125
     155
     172
     167
      99
      76
      77
      78
      54
      72
      94
      81
      65
      76
      71
      79
      83
      57
      80
      81
      87
      78
      66
      78
      78
      65
      76
      79
      72
      77
      66
      59
      69
      67
      75
      77
      76
      61
      72
      53
      61
      69
      69
      81
      86
      57
      76
      76
      70
      83
      63
      72
      59
      75
      81
      80
      79
      81
      70
      87
      64
      72
      68
      94
      72
      66
      54
      76
      70
      81
      81
      66
      64
      57
      76
      66
      59
      83
      83
      76
      65
      66
      77
      71
      70
      83
      80
      68
      75
      75
      69
      82
      70
      73
      90
      77
      82
      71
      75
      88
      71
      80
      72
      72
      92
      77
      76
      87
      76
      84
      81
      69
      67
      68
      87
      62
      79
      78
      72
      71
      83
      56
      67
      68
      62
      66
      67
      82
      71
      64
      59
      79
      54
      66
      78
      76
      72
      80
      77
      70
      76
      75
      72
      78
      72
      64
      57
      59
      70
      87
      74
      77
      83
      68
      95
      65
      74
      92
      74
      65
      61
      75
      73
      56
      77
      77
      76
      62
      63
      60
      57
      79
      69
      79
      89
      89
      60
      62
      57
      70
      73
      81
      72
      74
      49
      63
      66
      73
      68
      75
      73
      94
      88
      85
      76
      87
      69
      74
      63
      63
      55
      64
      59
      65
      71
      76
      68
      65
      66
      73
      67
      88
      49
      63
      72
      80
      71
      73
      72
      61
      60
      72
      56
      81
      71
      71
      65
      50
      62
      76
      81
      63
      73
      67
      70
      53
      63
      68
      63
      71
      86
      59
      82
      59
      73
      72
      65
      62
      73
      80
      75
      89
     116
     131
      95
      82
      81
      48
      62
      73
      66
      65
      67
      75
      64
      68
      78
      58
      71
      54
      70
      58
      84
      72
      67
      64
      72
      84
      70
      67
      63
      62
      80
      62
      57
      54
      59
      71
      70
      74
      62
      75
      66
      75
      68
      60
      74
      65
      69
      70
      68
      69
      75
      72
      71
      70
      70
      71
      65
      75
      67
      66
      61
      72
      71
      60
      72
      74
      80
      61
      61
      57
      69
      61
      72
      58
      80
      64
      59
      58
      71
      64
      53
      65
      60
      67
      72
      77
      88
      60
      72
      74
      72
      80
      66
      66
      71
      59
      68
      66
      69
      64
      67
      76
      63
      67
      63
      62
      74
      60
      64
      60
      69
      65
      67
      67
      71
      66
      63
      79
      58
      61
      63
      47
      59
      70
      68
      61
      55
      68
      54
      51
      69
      46
      72
      64
      72
      74
      69
      62
      81
      64
      53
      61
      58
      62
      53
      61
      67
      71
      65
      70
      63
      71
      75
      71
      57
      66
      55
      69
      75
      78
      50
      63
      58
      62
      73
      75
      73
      75
      70
      66
      53
      67
      64
      67
      77
      61
      64
      64
      79
      71
      58
      61
      56
      71
      63
      58
      58
      78
      68
      62
      67
      62
      59
      66
      73
      71
      68
      55
      66
      72
      73
      70
      71
      73
      73
      62
      68
      57
      84
      79
      75
      53
      66
      75
      77
      66
      67
      76
      53
      74
      66
      68
      63
      60
      67
      52
      67
      60
      72
      59
      63
      61
      71
      53
      68
      67
      70
      52
      74
      81
      79
      70
      68
      58
      63
      49
      61
      63
      70
      66
      62
      66
      70
      68
      64
      74
      83
      65
      77
      64
      59
      57
      53
      59
      55
      60
      64
      78
      60
      61
      54
      72
      59
      66
      67
      77
      74
      63
      60
      70
      55
      70
      68
      52
      66
      53
      56
      65
      72
      81
      53
      66
      76
      69
      72
      53
      64
      65
      66
      68
      55
      52
      64
      73
      74
      72
      71
      71
      56
      57
      79
      57
      72
      71
      74
      64
      69
      57
      61
      59
      56
      61
      64
      69
      69
      73
      66
      52
      69
      60
      70
      68
      67
      73
      81
      82
      88
      87
      86
      73
      68
      65
      89
      62
      56
      62
      60
      64
      67
      75
      54
      65
      64
      56
      56
      57
      68
      67
      60
      66
      67
      64
      62
      63
      64
      62
      54
      68
      63
      62
      44
      65
      56
      70
      59
      60
      63
      56
      65
      44
      54
      46
      66
      63
      63
      65
      66
      71
      80
     104
      87
      77
      77
      77
      61
      62
      69
      60
      54
      65
      62
      51
      56
      67
      64
      68
      68
      56
      69
      61
      71
      52
      64
      70
      51
      60
      69
      58
      63
      51
      60
      54
      48
      66
      51
      69
      84
      66
      66
      57
      50
      65
      61
      66
      53
      57
      66
      56
      51
      58
      58
      68
      62
      63
      63
      55
      57
      64
      66
      69
      49
      50
      56
      65
      54
      52
      48
      59
      57
      80
      82
      76
      70
      71
      77
      68
      71
      70
      57
      51
      52
      73
      79
      74
      56
      61
      61
      52
      45
      62
      70
      45
      55
      62
      77
      58
      64
      60
      50
      60
      62
      66
      73
      52
      64
      61
      68
      64
      78
      57
      69
      63
      66
      55
      51
      70
      81
      71
      64
      56
      61
      75
      59
      61
      69
      62
      57
      55
      53
      58
      50
      58
      66
      59
      61
      54
      58
      61
      55
      54
      54
      55
      54
      56
      58
      62
      72
      62
      56
      58
      50
      63
      66
      70
      58
      68
      54
      65
      47
      52
      69
      49
      71
      67
      62
      54
      66
      77
      60
      66
      57
      54
      67
      65
      57
      62
      59
      59
      49
      77
      57
      57
      70
      55
      72
      74
      66
      60
      56
      62
      70
      52
      65
      66
      55
      62
      58
      61
      82
      74
      71
      70
      62
      57
      60
      57
      56
      77
      67
      55
      64
      73
      57
      64
      46
      61
      61
      48
      70
      59
      47
      74
      68
      51
      65
      66
      55
      55
      57
      64
      63
      56
      68
      66
      66
      56
      69
      61
      62
      74
      52
      56
      50
      63
      60
      58
      65
      66
      71
      55
      66
      80
      64
      59
      78
      71
      72
      66
      56
      61
      74
      68
      52
      71
      67
      70
      50
      66
      72
      63
      59
      62
      85
      60
      71
      67
      66
      93
      53
      66
      51
      73
      66
      71
      67
      57
      62
      64
      67
      68
      76
      66
      64
      61
      66
      62
      64
      73
      57
      52
      59
      65
      73
      71
      78
      77
      66
      64
      80
      55
      68
      68
      63
      57
      66
      75
      51
      84
      56
      66
      61
      59
      59
      87
      71
      70
      65
      55
      69
      51
      67
      77
      67
      67
      65
      74
      65
      71
      66
      78
      72
      74
      65
      66
      71
      63
      65
      77
      74
      59
      77
      61
      67
      75
      63
      63
      54
      49
      71
      72
      76
      75
      81
      48
      75
      75
      86
      68
      65
      70
      61
      59
      67
      62
      63
      74
      72
      74
      71
      87
      72
      75
      67
      62
      83
      70
      80
      62
      66
      74
      73
      78
      70
      72
      61
      58
      70
      80
      62
      70
      58
      67
      64
      84
      75
      69
      74
      77
      57
      69
      73
      88
      58
      63
      74
      65
      63
      60
      58
      78
      70
      72
      79
      67
      72
      63
      62
      69
      71
      81
      69
      75
      78
     111
     151
     197
     228
     224
     224
     138
      86
      67
      72
      68
      58
      62
      61
      70
      62
      62
      71
      71
      74
      74
      81
      78
      77
      64
      87
      70
      74
      64
      79
      79
      78
      68
      75
      84
      73
      59
      70
      59
      60
      71
      69
      76
      79
      57
      70
      71
      72
      69
      69
      78
      69
      66
      72
      72
      69
      75
      66
      80
      89
      51
      91
      84
      95
      70
      77
      71
      56
      75
      66
      60
      65
      73
      78
      70
      79
      76
      81
      78
      70
      62
      58
      80
      58
      64
      73
      76
      69
      64
      68
      63
      64
      48
      54
      47
      62
      57
      60
      51
      68
      51
      54
      47
      56
      76
      48
      49
      47
      62
      57
      51
      60
      59
      56
      66
      54
      48
      48
      52
      54
      62
      48
      52
      53
      56
      55
      56
      58
      53
      62
      44
      47
      34
      45
      48
      47
      45
      59
      66
      56
      44
      46
      45
      53
      53
      52
      45
      64
      60
      65
      63
      47
      41
      45
      47
      43
      52
      46
      56
      51
      50
      36
      48
      62
      34
      49
      35
      49
      45
      47
      41
      43
      56
      49
      44
      55
      39
      42
      55
      48
      51
      57
      31
      40
      44
      49
      40
      53
      48
      54
      41
      46
      42
      45
      46
      50
      56
      51
      49
      39
      53
      46
      50
      39
      30
      44
      44
      38
      48
      52
      42
      47
      38
      44
      46
      45
      42
      48
      50
      38
      48
      43
      57
      47
      37
      47
      44
      48
      39
      40
      54
      42
      48
      37
      50
      47
      49
      35
      41
      43
      32
      40
      49
      35
      49
      49
      35
      46
      43
      50
      36
      38
      48
      35
      42
      41
      50
      40
      47
      37
      36
      51
      56
      40
      49
      44
      34
      42
      39
      37
      44
      53
      39
      37
      42
      42
      57
      48
      68
     102
      93
     102
      71
      57
      52
      28
      33
      30
      34
      32
      37
      39
      39
      29
      35
      37
      39
      33
      40
      30
      32
      33
      31
      38
      36
      42
      31
      28
      26
      41
      34
      29
      38
      42
      42
      39
      38
      32
      42
      26
      38
      21
      32
      28
      30
      29
      25
      40
      27
      32
      27
      46
      27
      29
      29
      23
      29
      27
      28
      28
      29
      35
      30
      29
      23
      31
      33
      31
      43
      28
      36
      28
      30
      27
      31
      32
      21
      35
      28
      27
      34
      27
      33
      22
      39
      32
      26
      30
      31
      22
      38
      21
      30
      27
      23
      45
      44
      23
      31
      41
      35
      39
      29
      38
      44
      34
      40
      25
      26
      32
      48
      30
      38
      32
      22
      26
      29
      26
      24
      29
      27
      28
      36
      26
      33
      21
      35
      32
      38
      39
      31
      35
      37
      27
      25
      21
      31
      31
      35
      34
      29
      23
      30
      24
      28
      32
      30
      26
      21
      25
      25
      31
      28
      25
      29
      20
      31
      26
      25
      14
      23
      30
      24
      25
      27
      29
      18
      34
      29
      21
      21
      27
      46
      15
      22
      14
      32
      32
      23
      26
      26
      24
      23
      32
      30
      26
      26
      23
      25
      27
      26
      30
      29
      23
      29
      29
      27
      32
      27
      23
      23
      25
      18
      22
      37
      22
      28
      25
      26
      18
      36
      27
      27
      29
      22
      27
      33
      31
      23
      26
      38
      35
      28
      23
      22
      25
      32
      33
      30
      28
      39
      27
      27
      26
      27
      21
      25
      23
      22
      25
      26
      27
      21
      21
      27
      24
      30
      30
      22
      22
      24
      28
      19
      21
      22
      28
      19
      37
      28
      21
      26
      29
      20
      25
      29
      26
      21
      24
      27
      24
      24
      27
      29
      17
      29
      24
      18
      23
      22
      21
      26
      24
      29
      22
      17
      33
      27
      27
      28
      24
      25
      23
      30
      23
      37
      25
      31
      22
      31
      29
      43
      59
     129
     319
     618
    1042
    1301
    1311
    1076
     623
     307
     110
      47
      27
      21
      30
      24
      20
      25
      14
      26
      17
      14
      29
      32
      29
      65
      85
      67
      56
      46
      35
      28
      31
      21
      14
      21
      18
      24
      32
      18
      22
      21
      30
      24
      34
      27
      35
      30
      29
      23
      26
      22
      15
      20
      28
      19
      22
      21
      16
      16
      24
      10
      26
      23
      17
      25
      24
      21
      21
      20
      25
      20
      19
      22
      20
      27
      19
      20
      22
      19
      16
      31
      32
      27
      41
      32
      29
      20
      27
      26
      13
      15
      23
      33
      22
      34
      42
      43
      54
      49
      44
      32
      23
      29
      17
      24
      15
      28
      16
      25
      17
      18
      23
      25
      20
      20
      17
      20
      22
      24
      27
      27
      28
      23
      18
      17
      15
      21
      15
      30
      25
      20
      18
      19
      15
      23
      18
      26
      17
      13
      25
      20
      17
      22
      19
      21
      21
      28
      19
      14
      20
      20
      21
      14
      23
      22
      25
      26
      24
      25
      15
      22
       9
      24
      10
      23
      11
      16
      16
      18
      20
      28
      15
      24
      20
       6
      28
       8
      20
      19
      23
      25
      18
      17
      24
      14
      19
      12
      27
      25
      15
      16
      18
      20
      21
      20
      15
      13
      23
      10
      16
      18
      22
      19
      25
      18
      24
      16
      23
      22
      17
      23
      33
      20
      26
      16
      21
      34
      59
      98
     140
     224
     218
     204
     165
      83
      55
      33
      23
      22
      21
      17
      15
      23
      22
      19
      25
      22
      24
      20
      22
      17
      23
      16
      23
      14
      19
      21
      15
      29
      16
      23
      26
      24
      11
      21
      15
      24
      17
      13
      12
      27
      16
      15
      12
      15
      19
      15
      18
      21
      13
      14
      20
      13
      19
      14
      15
      26
      13
      15
      17
      24
      16
      20
      22
      25
      27
      19
      15
      16
      20
      21
      18
      22
      12
      18
      14
      18
      17
      15
      26
      19
      20
      22
      22
      17
      19
      21
      23
      15
      20
      14
      17
      24
      22
      19
      22
      21
      16
      15
      23
      18
      20
      15
      17
      18
      27
      30
      14
      18
      28
      16
      26
      32
      54
      49
      45
      42
      30
      25
      14
      22
      16
      19
      24
      19
      23
      11
      20
      16
      21
      18
      14
      17
      14
      23
      14
      10
      22
      28
      20
      16
      24
      13
      21
      16
      22
      12
      16
      16
      23
      21
      19
      20
      21
      23
      24
      14
      21
      20
      18
      20
      15
      14
      20
      27
      20
      26
      17
      22
      13
      17
      12
      14
      22
      16
      22
      22
      19
      19
      14
      19
      29
      21
      15
      25
      17
      17
      11
      16
      15
      20
      19
      19
      26
      15
      11
      15
      24
      19
      22
      28
      12
      21
      15
      18
      13
      11
      25
      14
      17
      13
      18
      12
      19
      17
      15
      21
      24
      11
      22
      11
      20
      16
      11
      20
      13
      11
      10
      11
      20
       8
      22
      22
      15
      21
      22
      15
      17
      15
      19
      16
      15
      15
      14
      11
      16
      19
      15
      17
      12
      18
      18
      24
      16
      13
      22
      24
      11
      13
      10
      12
      12
      21
      14
      18
      18
      14
      16
      23
      18
      26
      17
      24
      14
      13
       7
      13
      18
      13
      11
      18
      15
      12
      17
      19
      25
      24
      26
      21
      22
      16
      16
      21
      15
      13
      15
      22
      14
      12
       8
      14
      19
      15
      12
      18
      20
      21
      19
      18
      13
      28
      12
      24
       7
      13
      20
      21
      17
      18
      18
      16
      19
      11
      18
      14
      21
      15
      17
      22
      11
      18
      18
      11
       9
      17
      17
      14
      14
      16
      17
      21
       9
      16
      14
      27
       8
      16
      17
      22
      15
      12
      14
      18
      19
      19
      12
      18
      14
      20
      14
      10
      14
      10
      12
      15
      19
      12
      15
      15
      12
      17
       9
      14
      12
      14
      19
      16
      28
      14
      13
      16
      20
      11
      12
      15
      13
      17
      13
      15
       9
      10
      12
      20
      15
      19
      17
      13
      11
      13
      14
      16
      14
      15
      13
      10
      11
      17
      10
      16
      13
      13
       8
      12
      11
      12
      19
      12
      19
      23
      15
      13
      19
      13
      16
      28
      29
      31
      57
      62
      44
      50
      21
      25
      15
       9
      14
      12
      14
      11
      19
      15
       8
       7
      18
      15
      18
      11
      10
      14
      11
      16
      13
      17
      13
      11
      17
      18
       9
      20
       9
      15
      22
      17
       8
      17
      12
      16
      11
      11
      15
      24
      28
      24
      15
      17
       9
      12
      20
      11
      18
      14
      12
      18
      12
      15
      11
      17
      12
      11
      10
      12
      17
      14
      11
      15
      11
      14
      15
      14
      14
      12
      10
      14
      11
      17
      10
       7
      13
       5
       9
      13
      20
      14
      15
       6
       8
      11
      14
      19
       5
      13
      15
      21
      12
      17
       8
      17
      16
      16
       7
      16
      15
      15
      15
      14
      18
       9
      11
      14
      18
      15
      18
      20
      18
      19
      24
      24
      17
      17
      20
      17
      19
       9
      18
       9
      11
      18
      14
      13
      14
      14
       7
      18
      13
      16
      10
      13
      10
      14
      17
       8
      11
      17
      11
       9
      12
      11
       6
      10
      13
      12
       6
      14
      15
      11
      18
      12
      11
      11
      11
      10
      18
      10
      10
      11
       7
      12
      11
      16
      11
      13
      11
      14
       9
      12
      17
      11
      17
      12
      17
      16
       9
      15
      14
      14
       8
      20
      10
      14
       8
      11
      17
       9
      11
       6
       8
      14
      18
      15
      26
      33
      44
      54
      63
      78
     137
     167
     210
     188
     181
     135
      82
      42
      29
      17
      26
      11
      15
      14
      11
      13
      14
      14
      14
      15
       8
      15
      11
      14
      14
      18
      16
      15
      10
      18
      12
      22
      19
      12
      19
      17
       8
      17
      16
       8
      15
      13
      14
      18
      10
      13
      18
      21
      16
      16
      13
      20
      17
      11
      16
      16
      13
      13
      19
      22
      22
      22
      14
      16
      19
      12
      17
      11
      16
       9
      16
      12
       8
      24
      27
      58
      85
     125
     168
     172
     155
     112
      80
      37
      30
      14
      20
      15
      16
      19
       7
       8
      13
      21
      15
      16
       9
      15
      18
      13
      19
      15
       4
      18
      11
      13
      15
      14
      15
      15
      12
      13
       6
      13
      11
      13
      14
      10
      15
      14
      14
      14
      12
      19
      16
      26
      15
      14
      14
      13
      13
      15
      14
      11
      13
      12
      11
      18
      13
       9
      14
      23
      13
      10
      14
      11
       7
      14
      13
      14
      17
      14
      13
      13
      15
      11
      21
      17
      19
      14
      13
      16
       7
      15
      13
      11
      11
      14
      16
      10
       7
      14
       9
      15
      16
      24
      13
      18
      10
      18
      16
      12
      19
      14
       4
      19
      15
      14
      16
      10
      17
      14
      18
      13
      12
      13
       7
      12
      10
      16
      16
      25
      16
      17
       9
      15
      13
      13
      16
      13
      15
      11
      13
      18
      12
      13
      12
      11
      10
      15
      15
      15
       8
      20
      17
      14
      17
      10
      17
      11
      13
      13
      12
      11
      19
      13
      17
      17
      10
      12
      16
      13
      13
      15
      16
       5
       8
      11
       8
      17
      16
      22
      16
      10
      19
      18
      19
      13
      15
       9
      15
      21
      16
      14
      15
      20
      17
      15
      11
      26
      20
      16
      30
      34
      43
      24
      16
      18
      22
      14
      20
      18
      16
      15
      16
      13
      20
      12
       8
      16
      16
      11
      12
      16
      19
      16
      20
      13
      16
      17
      20
      24
       8
      13
      15
      12
      18
      21
      13
      15
      15
      14
      12
      10
      12
      19
      14
      11
      15
      10
      21
      11
      18
       6
      18
      11
       5
      12
      14
      12
      18
      14
      15
      18
      12
      20
      16
      18
      15
      17
      17
      11
      16
      11
      16
      13
      11
      16
      13
      19
      12
      13
      18
      19
      16
       9
      18
      17
      19
      10
      18
      13
      14
      11
      15
      11
      16
      14
      15
      22
      13
      17
      10
      10
      20
      18
      11
      13
       9
      17
      10
      24
      14
      13
      19
      17
      16
      19
      13
      17
      17
      11
      15
      23
      16
      15
      17
      18
      13
      14
      16
      17
      15
      21
      20
      22
      17
      17
      14
      13
      13
      12
      18
      17
      17
      15
      14
      17
      20
      12
      13
      13
      17
      20
       7
      15
      16
      15
       8
      13
      13
      14
      12
      11
      10
      10
      15
      17
      19
      15
      16
      19
      10
      13
      11
      23
      19
      17
      17
      20
      21
      15
      16
      18
      10
      18
      11
      18
      17
      22
      12
      13
      18
      19
      12
      13
      14
      22
      15
      14
      16
       7
      16
      12
      19
      13
      24
      26
      10
      14
      19
      18
      20
      18
      16
      23
      17
      12
      19
      14
       9
      13
      16
      20
      27
      10
      19
      16
      11
      10
      17
      26
      14
      14
       7
      12
      22
      19
      17
      22
      10
       7
      19
      12
      12
      23
      19
      19
      19
      13
      20
      16
       8
      16
      18
      18
      14
      12
      12
       7
       9
      13
      23
      14
      15
       9
      12
      20
       9
      28
       8
       9
      14
      17
      23
      14
      18
       8
      10
      19
      19
      13
      10
      24
      18
      13
      13
      18
      11
      17
      12
      14
      15
      13
      15
      10
      16
      12
      12
      11
      11
      13
      11
      14
      15
      11
      18
      11
      14
      18
      21
      14
      19
      12
      12
      17
      15
      23
      13
      15
       8
      13
      16
      11
       8
      17
      15
      13
      14
      11
      19
      17
      10
      13
      14
       9
      12
      10
      12
      14
      11
       7
      18
      12
      17
       7
      13
      12
      18
      12
      11
      12
      13
      14
       9
      13
      13
      13
       9
      18
      12
      10
      17
      11
      13
      15
      10
      14
      12
      11
      13
      15
       9
      16
      12
      12
      13
      18
      17
      14
      18
       8
      12
      11
      16
      11
      19
      11
      17
      11
      23
      18
      14
      19
      17
      14
      11
      11
      16
      14
      15
       7
      14
      13
      10
      15
      15
      15
      15
      10
      11
      24
      14
      22
      10
      17
      11
       9
      10
      10
      11
      12
      22
      14
      13
      16
      10
      15
      10
      15
      19
      14
      19
      14
      19
      16
      19
      20
      10
      11
      14
      12
      14
      19
      11
      19
      15
      14
      17
      11
      13
      24
      11
      12
      10
       9
      20
      18
      10
      13
      17
      20
      12
      13
       8
      17
      17
      11
      17
      17
      10
      17
      14
      10
      15
      14
       9
      18
      17
      13
      16
      12
      20
       7
      11
      17
      15
      16
      12
       9
      11
      15
      14
      17
       9
       8
      12
      23
      16
      11
      12
      13
      13
      19
       8
      15
       9
      20
      18
      24
      10
      10
      18
      14
      18
      13
      22
      11
      12
      11
      11
      15
      12
      17
      13
      15
      10
      19
      11
      13
       6
      11
      11
      14
      12
       9
       7
      12
      13
       9
       9
      13
       9
      14
      16
      15
      14
      12
       9
      16
       7
      13
      16
      15
      13
      12
      22
      13
      20
      19
      10
      10
       8
      17
      15
      15
      14
      10
      12
      14
      10
      14
      19
      20
      12
       9
      10
      13
      12
      14
      14
       9
      10
      13
      11
      17
      12
      17
      14
      11
      12
      12
      12
      11
      10
       8
      13
      14
      19
      15
      12
      11
      16
      11
      21
      13
       8
      11
      17
      11
      18
       8
      11
       6
       8
      12
      12
      18
      13
      10
      17
      11
      13
      10
      11
      14
       9
      11
      13
      10
      12
      15
      13
      12
       8
      20
      20
      17
      22
      19
      24
      27
      18
      12
      19
      11
      19
      17
       8
       8
      18
      11
      10
      10
      13
      23
      13
       9
      15
      14
      10
      11
      21
       9
       5
      13
      15
      13
      15
      12
      14
      12
      10
      10
      13
       8
      11
      11
      12
       8
      12
      16
      17
       7
       8
      18
      19
      13
      15
      16
      12
      12
      10
      12
      14
      15
      14
      10
       9
       9
       8
       9
      13
       8
       9
      15
      13
      20
       8
      12
       5
       9
      17
      15
      16
       6
      15
      14
      12
      10
       6
      15
      10
      12
       6
      12
      10
      13
      13
      13
       8
      10
       8
      13
       9
       5
       9
      12
      13
      15
      12
      14
      12
      16
      12
      13
      12
      12
      11
       8
      18
      28
      46
      53
      58
      61
      43
      37
      30
      19
      10
      16
       8
      19
      13
       9
      13
      10
      14
      10
      11
      13
       9
       8
      13
      13
       8
       8
       9
      16
      10
       8
      12
      18
       9
      14
      13
      12
      11
      11
      11
      14
      13
      15
       9
      13
       6
      11
      13
      12
      15
      12
      11
       8
      16
      10
      11
      13
      15
      12
      18
      16
      15
      11
      14
      11
       8
      12
      13
      14
       9
      11
       9
      14
      24
      11
      12
      14
      13
      14
      15
      11
      11
      13
      14
      10
      22
      32
      38
      37
      47
      45
      41
      33
      23
      22
      16
      18
      13
      19
      11
      19
       6
      10
      18
      14
      10
       6
      10
      13
      10
      18
      12
      12
      14
      14
      15
       8
       8
      14
      16
      13
      12
      14
      10
      18
      13
       9
      14
      10
      18
      15
       9
      14
       8
      17
      11
       9
      13
       8
      18
       8
      14
      15
      12
      15
      10
      15
      14
      12
      13
      13
      17
      16
      12
      20
      12
      12
      18
      15
       8
      15
       7
      17
      13
      13
      11
      16
      11
       9
      16
      18
      14
      17
      24
      23
      31
      34
      36
      67
      80
      83
      84
      87
      59
      67
      35
      33
      32
      24
      15
      20
      13
      15
      13
      14
      11
      20
      11
      10
      15
      11
      15
      16
      13
      11
      16
      10
      13
      10
      17
      18
      11
      13
      13
      13
      11
      10
      17
      11
      12
      15
      16
      17
       6
      12
      17
      12
      15
      10
      15
      12
       7
      11
      13
      13
      14
      11
      12
      11
      10
      15
      23
      14
      14
      11
      16
       9
      12
      13
      17
       7
      10
      10
      18
      12
      16
      10
      15
      11
      16
      12
      18
      18
      13
      17
      12
      15
      22
      16
      19
      14
      14
       9
       9
      19
      10
      15
      16
      14
      11
      16
      10
       8
      15
      16
      11
      11
      16
      12
      23
      12
      14
      13
      20
      15
      16
      14
      18
      18
      14
      12
      17
      14
       8
      12
      16
      14
      12
      13
       9
      13
      16
      17
      16
      13
      13
      10
      15
      15
      13
      23
      12
      16
       9
      18
      14
      12
      11
      11
      21
      15
      23
      21
      14
       7
       7
      12
      15
      16
      14
      11
      14
      14
       7
      18
      12
      14
      10
      13
      18
      21
      18
      17
      16
      17
      20
      16
      22
      16
      20
      14
      11
      19
      14
      11
      10
      13
      20
       8
      11
      13
      17
      15
      13
      17
      19
      11
      22
       6
      16
      24
      13
       6
      14
       9
      25
      17
      13
      15
      17
      14
      15
      15
      18
      14
      11
      11
      18
      13
      10
      12
      13
      11
      16
      19
      12
      16
      13
      15
      18
      24
      14
      14
      17
      12
      11
      26
      14
      11
      14
      16
       8
      16
      16
      15
      13
      19
      20
      13
      16
       8
      22
      20
      12
      12
      19
      13
      22
      13
      20
      16
      18
      20
      12
      21
      14
      17
      14
      21
      14
      19
      13
      15
      29
      17
      12
      18
      13
       8
      18
      11
      15
      17
      12
      16
      21
      15
      15
      19
      15
      20
      17
      19
       9
      20
      13
      14
      14
      18
      19
      13
      15
      21
      20
       9
      16
      18
      16
      12
      16
      11
      19
      13
      12
      25
      15
      13
      15
      11
      12
      12
      17
      20
      16
      13
      13
      11
      22
      11
      21
      20
      12
      17
      17
      13
      13
      22
      14
      13
      22
      14
      13
      11
      11
      11
      17
      15
      17
      16
      20
      19
      10
      11
      10
      15
      22
      14
      11
      10
      17
      17
      20
      19
      20
      20
      22
      20
      14
      19
      15
      14
      23
      16
      13
      13
      13
      15
      11
      16
      15
      18
      23
      14
       8
      23
      18
      22
      21
      22
      23
      15
      12
      13
      13
      20
      13
      14
      11
      15
      19
      16
      22
      23
       8
      14
      14
      20
      22
      14
      16
      16
      17
      12
      19
      23
      16
      13
      14
      14
      15
      14
      18
      18
      15
      14
      12
      15
      14
      18
      13
      11
      12
      28
      16
      10
      10
      21
      22
      19
      11
      12
      15
      14
      25
      23
      16
      15
      17
      23
      14
      24
      18
      23
      22
      16
      24
      16
      19
      15
      20
      17
      17
      15
      24
      17
      18
      12
      15
      14
      12
      17
      18
      21
      22
      14
      13
      13
      12
      19
      31
      30
      38
      24
      35
      21
      30
      16
      25
      16
      15
      15
      16
      17
      19
      16
      18
      16
      17
      19
      21
      17
      17
      18
      17
      12
       8
      17
      23
      20
      24
      21
      23
      14
      14
      15
      21
      23
      23
      23
      23
      14
      22
      19
      13
      27
      25
      18
      22
      18
      12
      24
      26
      18
      18
      14
      20
      14
      17
      19
      12
      17
      20
      22
      20
      19
      22
      17
      19
      15
      30
      21
      29
      20
      13
      27
      17
      22
      20
      21
      23
      24
      11
      23
      23
      25
      16
      23
      16
      16
      24
      15
      14
      21
      28
      13
      22
      23
      24
      24
      19
      15
      11
      19
      20
      26
      21
      27
      14
      19
      10
      18
      25
      19
      16
      24
      20
      12
      25
      23
      34
      21
      19
      17
      27
      17
      26
      19
      17
      22
      29
      18
      18
      15
      14
      24
      20
      19
      16
      14
      23
      26
      18
      22
      20
      20
      21
      25
      21
      21
      27
      17
      26
      23
      17
      16
      22
      14
      20
      20
      23
      22
      25
      15
      24
      19
      22
      14
      21
      23
      17
      23
      18
      12
      15
       8
      17
      15
      16
      15
       5
      17
      14
      14
       8
      13
      17
      14
      14
      17
      18
      16
      14
      16
      14
      11
      17
      15
      17
      12
       9
      13
      10
      15
       8
       9
      12
      15
      12
      13
      10
      14
      11
      17
      12
      16
      10
      12
      10
       9
      16
      10
       9
      15
      15
       9
      12
      11
      16
      12
      13
      11
      13
      11
       6
      13
      13
      13
      12
      13
      14
      10
      10
      11
      15
       8
      13
       6
       7
       8
       9
       9
      11
      11
      14
       6
      15
      10
      12
      12
      10
       9
      13
       9
       6
      11
      15
       6
      10
      12
      10
      10
       9
       8
       6
       9
       8
      11
       8
      14
       5
       9
       5
       7
      13
       6
      14
      11
      18
      10
      13
       5
       9
      12
       9
      17
       9
      10
      13
      11
      10
       8
      11
      13
      10
      12
       9
       8
      11
       9
       8
       9
       7
       8
      12
      14
       8
       7
       7
      15
      13
       3
      12
       8
      11
       8
       9
       3
       5
       9
       9
       4
       9
       7
       7
       8
      13
       8
       6
      13
      11
       9
      10
       8
      10
       4
       8
      10
       9
      12
      12
       9
       9
       5
       8
      11
       3
       7
       7
       8
       8
      12
       6
       5
       4
       4
      15
       8
       9
       7
      11
       5
      13
       7
       6
       4
       5
      11
       7
      10
       7
      10
       5
       5
       7
       8
       5
      10
       7
      14
       8
      12
      13
      24
      24
      20
      21
      18
       8
       8
       8
       7
       7
       8
       3
       8
       9
       5
       6
       6
       3
       7
       3
       6
       1
       7
       7
       7
       7
       5
       7
       5
       6
       3
       5
       7
       2
       9
       3
       5
       8
       4
       2
       8
       9
       3
       2
       5
       7
       3
       5
       2
       3
       7
       2
       2
       4
       3
       7
       3
       6
       4
       4
       3
       8
       8
       5
       3
       4
       5
       2
       6
       4
       3
       3
       3
       2
       3
       6
       2
       5
       6
       6
       5
       3
       3
       4
       3
       2
       7
       6
       4
       3
       3
       5
       4
       6
       4
       8
       1
       2
       3
       5
       2
       7
       4
       3
       1
       2
       8
       3
       2
       5
       2
       3
       3
       1
       2
       2
       1
       0
       6
       3
       2
       3
       4
       2
       2
       1
       0
       3
       0
       5
       5
       2
       3
       6
       3
       7
       2
       4
       4
       1
       5
       4
       3
       2
       2
       1
       1
       3
       2
       1
       3
       5
       1
       6
       2
       2
       3
       2
       1
       0
       1
       3
       2
       1
       4
       2
       3
       1
       3
       3
       2
       2
       1
       3
       3
       2
       3
       2
       1
       2
       2
       2
       1
       3
       1
       3
       4
       0
       1
       0
       2
       4
       1
       3
       4
       1
       3
       1
       3
       1
       2
       2
       4
       3
       2
       2
       1
       2
       4
       0
       0
       4
       6
       4
       2
       1
       2
       4
       2
       1
       4
       4
       4
       0
       5
       3
       4
       2
       1
       1
       1
       3
       3
       3
       1
       3
       1
       0
       1
       3
       1
       2
       4
       0
       1
       2
       0
       5
       1
       7
       2
       1
       3
       1
       1
       2
       1
       1
       3
       0
       5
       0
       3
       2
       0
       3
       3
       2
       1
       2
       2
       0
       0
       1
       2
       2
       0
       1
       1
       4
       2
       0
       4
       3
       5
       0
       1
       2
       2
       3
       0
       3
       1
       6
       2
       1
       1
       2
       3
       3
       0
       3
       2
       1
       1
       2
       1
       3
       1
       2
       1
       1
       3
       3
       2
       3
       4
       1
       4
       5
       8
      12
      25
      74
     128
     228
     357
     416
     493
     481
     341
     283
     178
      80
      40
      10
       8
       0
       0
       0
       1
       0
       0
       1
       1
       2
       1
       1
       1
       0
       1
       0
       0
       1
       0
       1
       0
       0
       1
       0
       1
       0
       1
       1
       0
       0
       0
       0
       0
       0
       0
       0
       1
       2
       3
       1
       0
       0
       1
       1
       1
       1
       0
       1
       1
       0
       1
       1
       0
       1
       1
       0
       1
       1
       0
       1
       0
       0
       0
       0
       1
       0
       1
       1
       1
       0
       2
       0
       0
       1
       0
       0
       0
       1
       1
       0
       1
       1
       0
       0
       0
       0
       2
       0
       0
       0
       0
       0
       1
       0
       0
       0
       0
       0
       0
       2
       0
       0
       0
       0
       0
       0
       0
       1
       1
       0
       0
       1
       0
       0
       1
       1
       0
       0
       1
       1
       0
       1
       0
       0
       1
       0
       2
       0
       0
       0
       1
       0
       1
       2
       0
       0
       0
       0
       0
       0
       0
       2
       0
       3
       0
       0
       1
       1
       1
       1
       0
       0
       1
       0
       1
       1
       1
       0
       0
       0
       0
       0
       0
       1
       0
       0
       1
       1
       0
       0
       0
       0
       0
       0
       0
       0
       0
       0
       3
       2
       0
       0
       1
       0
       1
       0
       0
       0
       0
       0
       0
       1
       0
       0
       0
       1
       0
       0
       0
       0
       0
       0
       1
       1
       0
       0
       1
       1
       0
       1
       0
       1
       1
       0
       1
       1
       0
       0
       1
       0
       2
       0
       0
       1
       0
       1
       0
       1
       2
       1
       1
       0
       2
       1
       0
       2
       0
       1
       1
       0
       0
       0
       3
       0
       0
       1
       0
       1
       1
       0
       0
       0
       0
       2
       0
       1
       2
       0
       0
       0
       0
       0
       0
       1
       0
       0
       1
       0
       0
       1
       2
       0
       1
       1
       1
       0
       0
       1
       0
       1
       1
       0
       1
       1
       1
       0
       0
       4
       0
       0
       1
       0
       1
       1
       0
       0
       2
       0
       0
       1
       0
       1
       0
       0
       1
       0
       0
       0
       1
       1
       1
       1
       1
       0
       2
       0
       0
       0
       0
       0
       1
       0
       3
       0
       1
       2
       0
       2
       1
       0
       0
       0
       1
       0
       3
       2
       1
       1
       0
       0
       0
       1
       1
       0
       1
       0
       1
       1
       0
       0
       0
       1
       0
       2
       0
       0
       0
       0
       0
       1
       1
       0
       1
       0
       1
       0
       1
       1
       1
       2
       3
       1
       2
       1
       0
       2
       0
       0
       0
       1
       0
       0
       0
       0
       0
       0
       0
       0
       1
       0
       0
       0
       1
       0
       0
       0
       1
       0
       0
       1
       0
       0
       0
       0
       0
       2
       1
       1
       1
       0
       0
       0
       0
       0
       0
       0
       0
       1
       0
       0
       0
       0
       1
       0
       1
       0
       0
       1
       0
       0
       0
       0
       0
       1
       0
       0
       0
       0
       1
       0
       0
       1
       0
       0
       1
       0
       0
       0
       1
       1
       0
       0
       1
       0
       0
       0
       1
       0
       0
       0
       0
       0
       0
       0
       1
       3
       3
       0
       1
       0
       0
       1
       0
       0
       0
       0
       1
       0
       0
       0
       0
       0
       0
       0
       0
       0
       0
       1
       0
       0
       0
       0
       0
       1
       0
       1
       0
       1
       1
       1
       1
       1
       0
       0
       1
       0
       1
       0
       1
       1
       0
       0
       1
       0
       0
       0
       0
       0
       1
       0
       0
       1
       3
       0
       0
       2
       0
       0
       0
       0
       0
       1
       0
       2
       0
       0
       0
       1
       0
       0
       0
       0
       0
       0
       0
       1
       0
       0
       1
       0
       1
       0
       0
       0
       0
       0
       0
       1
       1
       0
       1
       1
       0
       2
       1
       0
       1
       1
       2
       1
       2
       0
       0
       0
       0
       0
       1
       0
       1
       0
       0
       2
       0
       0
       0
       0
       0
       0
       0
       0
       0
       0
       1
       1
       1
       0
       0
       1
       0
       0
       0
       1
       0
       1
       0
       0
       0
       0
       0
       0
       0
       0
       0
       0
       0
       1
       0
       0
       0
       0
       0
       0
       1
       1
       1
       0
       0
       0
       1
       1
       0
       1
       0
       0
       0
       0
       1
       0
       0
       2
       0
       0
       1
       0
       1
       0
       1
       0
       0
       1
       1
       1
       1
       0
       0
       0
       2
       1
       1
       0
       0
       0
       2
       0
       0
       0
       1
       0
       0
       0
       0
       1
       0
       0
       2
       0
       0
       0
       1
       0
       1
       0
       0
       0
       0
       0
       1
       0
       0
       1
       0
       0
       0
       1
       0
       0
       1
       0
       1
       1
       0
       0
       0
       0
       0
       0
       0
       0
       0
       1
       0
       0
       2
       0
       2
       0
       1
       0
       0
       0
       1
       1
       1
       1
       0
       0
       0
       0
       0
       0
       0
       0
       0
       0
       0
       1
       1
       0
       0
       0
       0
       0
       0
       1
       1
       0
       0
       0
       0
       0
       0
       0
       0
       0
       0
       2
       2
       0
       1
       0
       0
       0
       1
       0
       1
       0
       0
       1
       0
       0
       1
       0
       0
       0
       0
       0
       2
       0
       0
       0
       0
       0
       1
       0
       1
       2
       0
       0
       0
       0
       0
       0
       0
       1
       0
       1
       2
       0
       1
       1
       0
       0
       0
       0
       2
       0
       2
       1
       0
       2
       0
       2
       2
       0
       0
       0
       0
       1
       0
       1
       0
       0
       0
       1
       0
       0
       0
       1
       0
       0
       0
       1
       0
       0
       0
       0
       0
       1
       0
       1
       0
       2
       0
       0
       0
       1
       0
       0
       0
       0
       1
       0
       0
       0
       0
       0
       0
       1
       0
       0
       0
       0
       0
       0
       0
       0
       0
       0
       0
       0
       0
       0
       0
       0
       1
       0
       1
       0
       0
       0
       0
       0
       0
       1
       0
       1
       0
       0
       0
       1
       0
       1
       0
       0
       0
       0
       1
       0
       0
       0
       0
       0
       1
       1
       2
       0
       0
       1
       0
       3
       0
       0
       0
       0
       0
       1
       0
       1
       0
       0
       0
       0
       0
       0
       0
       0
       0
       1
       0
       1
       0
       0
       1
       0
       0
       0
       2
       0
       0
       0
       0
       0
       0
       0
       0
       0
       0
       0
       0
       0
       0
       0
       1
       1
       0
       0
       0
       0
       0
       0
       1
       0
       1
       0
       0
       0
       0
       0
       0
       1
       1
       0
       0
       0
       0
       0
       2
       0
       1
       0
       0
       3
       1
       0
       0
       0
       0
       0
       0
       0
       0
       0
       0
       0
       1
       0
       2
       0
       0
       1
       1
       0
       1
       1
       0
       1
       0
       1
       0
       1
       0
       1
       1
       0
       0
       0
       0
       0
       0
       0
       0
       0
       0
       0
       1
       0
       0
       2
       0
       0
       0
       3
       0
       0
       0
       0
       1
       0
       1
       0
       0
       0
       1
       0
       0
       0
       0
       1
       1
       0
       0
       0
       1
       0
       1
       0
       0
       0
       1
       0
       0
       2
       0
       0
       0
       0
       0
       0
       0
       0
       0
       1
       3
       0
       0
       1
       0
       0
       0
       0
       1
       0
       0
       0
       1
       0
       0
       0
       0
       0
       1
       0
       0
       1
       0
       0
       0
       0
       0
       0
       0
       0
       0
       0
       0
       0
       0
       0
       2
       0
       0
       0
       1
       0
       0
       0
       0
       0
       1
       0
       1
       0
       1
       0
       0
       1
       0
       0
       0
       0
       0
       1
       3
       0
       0
       0
       0
       0
       1
       0
       0
       0
       0
       0
       1
       0
       0
       0
       0
       0
       0
       2
       0
       0
       0
       1
       0
       1
       1
       1
       0
       1
       0
       0
       0
       0
       1
       1
       0
       1
       0
       0
       2
       0
       1
       1
       0
       0
       0
       0
       0
       0
       0
       1
       0
       0
       2
       0
       0
       1
       0
       1
       1
       0
       0
       0
       0
       0
       0
       1
       0
       0
       0
       0
       0
       1
       0
       0
       0
       0
       0
       0
       1
       0
       0
       0
       0
       1
       1
       0
       0
       1
       2
       2
       0
       1
       0
       0
       0
       0
       0
       0
       0
       0
       0
       0
       0
       0
       0
       0
       0
       1
       0
       1
       0
       0
       0
       0
       0
       0
       2
       0
       0
       0
       0
       2
       0
       0
       0
       1
       1
       0
       0
       1
       0
       0
       1
       0
       0
       0
       1
       0
       0
       0
       0
       0
       0
       0
       0
       1
       0
       0
       0
       0
       0
       0
       0
       0
       1
       0
       0
       0
       0
       0
       0
       0
       1
       0
       1
       0
       0
       0
       0
       0
       0
       0
       1
       2
       0
       1
       0
       0
       0
       0
       0
       0
       0
       0
       0
       0
       0
       0
       2
       0
       0
       0
       0
       0
       0
       0
       0
       1
       1
       0
       0
       0
       1
       0
       1
       0
       0
       0
       0
       0
       0
       1
       1
       0
       1
       0
       1
       0
       1
       0
       0
       0
       0
       0
       1
       0
       0
       3
       1
       0
       0
       0
       1
       0
       0
       0
       1
       0
       1
       0
       0
       0
       0
       0
       0
       0
       1
       2
       1
       0
       0
       0
       0
       1
       0
       0
       0
       0
       0
       0
       0
       0
       0
       0
       0
       0
       1
       0
       1
       0
       0
       0
       0
       0
       1
       1
       1
       0
       0
       0
       0
       2
       0
       0
       0
       1
       0
       2
       0
       0
       0
       0
       0
       1
       0
       0
       0
       2
       0
       0
       0
       0
       1
       2
       0
       0
       0
       0
       1
       0
       0
       1
       0
       0
       0
       0
       0
       0
       1
       0
       0
       2
       0
       1
       0
       0
       2
       2
       0
       0
       0
       1
       0
       1
       1
       0
       0
       0
       1
       1
       0
       0
       1
       1
       0
       0
       0
       0
       0
       1
       1
       0
       1
       0
       0
       1
       1
       0
       0
       1
       0
       2
       0
       0
       1
       0
       0
       0
       0
       0
       0
       0
       0
       1
       0
       0
       0
       0
       0
       1
       1
       0
       0
       0
       0
       0
       2
       0
       0
       0
       1
       0
       0
       0
       1
       1
       2
       2
       0
       0
       0
       0
       0
       0
       1
       1
       0
       1
       0
       0
       0
       0
       0
       0
       0
       1
       0
       0
       1
       0
       1
       0
       0
       1
       0
       0
       0
       0
       1
       1
       0
       0
       1
       0
       1
       1
       0
       0
       0
       0
       0
       0
       0
       0
       1
       0
       0
       0
       0
       0
       0
       0
       0
       0
       0
       0
       2
       0
       0
       0
       0
       0
       0
       0
       0
       0
       0
       0
       0
       0
       0
       0
       0
       0
       0
       0
       0
       0
       0
       0
       0
       0
       0
       0
       0
       0
       0
       0
       0
       0
       0
       0
       0
       0
       0
       0
       0
       0
       0
       0
       0
       0
       0
       0
       0
       0
       0
       0
       0
       0
       0
       0
       0
       0
       0
       0
       0
       0
       0
       0
       0
       0
       0
       0
       0
       0
       0
       0
       0
       0
       0
       0
       0
       0
       0
       0
       0
       0
       0
       0
       0
       0
       0
       0
       0
       0
       0
       0
       0
       0
       0
       0
       0
       0
       0
       0
       0
       0
       0
       0
       0
       0
       0
       0
       0
       0
       0
       0
       0
       0
       0
       0
       0
       0
       0
       0
       0
       0
       0
       0
       0
       0
       0
       0
       0
$ROI:
12
515 601
757 883
1165 1241
1392 1472
1519 1599
2548 2669
3160 3268
3368 3485
4008 4120
5032 5122
5218 5326
6420 6520
$PRESETS:
None
0
0
$ENER_FIT:
-0.195181 0.425880
$MCA_CAL:
3
-1.951813E-001 4.258803E-001 1.732410E-008 keV
$SHAPE_CAL:
3
2.887270E+000 7.267554E-004 -3.585030E-008
