Photon   |Coherent|Incoher.|Photoel.|Nuclear |Electron|Tot. w/ |Tot. wo/|
Energy   |Scatter.|Scatter.|Absorb. |Pr. Prd.|Pr. Prd.|Coherent|Coherent|

1.000E-03|1.251E+01|3.587E-03|5.197E+03|0.000E+00|0.000E+00|5.209E+03|5.197E+03|
2.416E-02|1.834E+00|7.530E-02|5.103E+01|0.000E+00|0.000E+00|5.294E+01|5.111E+01|
4.732E-02|7.132E-01|9.379E-02|8.465E+00|0.000E+00|0.000E+00|9.272E+00|8.559E+00|
7.049E-02|3.782E-01|9.871E-02|2.849E+00|0.000E+00|0.000E+00|3.326E+00|2.947E+00|
9.365E-02|2.375E-01|9.917E-02|6.220E+00|0.000E+00|0.000E+00|6.557E+00|6.319E+00|
1.168E-01|1.631E-01|9.787E-02|3.492E+00|0.000E+00|0.000E+00|3.753E+00|3.589E+00|
1.400E-01|1.187E-01|9.583E-02|2.177E+00|0.000E+00|0.000E+00|2.391E+00|2.273E+00|
1.631E-01|9.032E-02|9.349E-02|1.454E+00|0.000E+00|0.000E+00|1.638E+00|1.547E+00|
1.863E-01|7.116E-02|9.108E-02|1.022E+00|0.000E+00|0.000E+00|1.184E+00|1.113E+00|
2.095E-01|5.759E-02|8.870E-02|7.490E-01|0.000E+00|0.000E+00|8.953E-01|8.377E-01|
2.326E-01|4.761E-02|8.640E-02|5.679E-01|0.000E+00|0.000E+00|7.019E-01|6.543E-01|
2.558E-01|4.005E-02|8.421E-02|4.429E-01|0.000E+00|0.000E+00|5.672E-01|5.271E-01|
2.789E-01|3.417E-02|8.214E-02|3.535E-01|0.000E+00|0.000E+00|4.698E-01|4.357E-01|
3.021E-01|2.950E-02|8.019E-02|2.878E-01|0.000E+00|0.000E+00|3.974E-01|3.680E-01|
3.253E-01|2.572E-02|7.835E-02|2.382E-01|0.000E+00|0.000E+00|3.423E-01|3.166E-01|
3.484E-01|2.263E-02|7.662E-02|2.001E-01|0.000E+00|0.000E+00|2.993E-01|2.767E-01|
3.716E-01|2.006E-02|7.498E-02|1.702E-01|0.000E+00|0.000E+00|2.652E-01|2.452E-01|
3.947E-01|1.790E-02|7.344E-02|1.464E-01|0.000E+00|0.000E+00|2.378E-01|2.199E-01|
4.179E-01|1.608E-02|7.197E-02|1.272E-01|0.000E+00|0.000E+00|2.153E-01|1.992E-01|
4.411E-01|1.452E-02|7.058E-02|1.115E-01|0.000E+00|0.000E+00|1.966E-01|1.821E-01|
4.642E-01|1.317E-02|6.926E-02|9.858E-02|0.000E+00|0.000E+00|1.810E-01|1.678E-01|
4.874E-01|1.201E-02|6.800E-02|8.774E-02|0.000E+00|0.000E+00|1.677E-01|1.557E-01|
5.106E-01|1.099E-02|6.680E-02|7.859E-02|0.000E+00|0.000E+00|1.564E-01|1.454E-01|
5.337E-01|1.009E-02|6.565E-02|7.082E-02|0.000E+00|0.000E+00|1.466E-01|1.365E-01|
5.569E-01|9.302E-03|6.455E-02|6.416E-02|0.000E+00|0.000E+00|1.380E-01|1.287E-01|
5.800E-01|8.602E-03|6.350E-02|5.841E-02|0.000E+00|0.000E+00|1.305E-01|1.219E-01|
6.032E-01|7.977E-03|6.250E-02|5.341E-02|0.000E+00|0.000E+00|1.239E-01|1.159E-01|
6.264E-01|7.419E-03|6.154E-02|4.904E-02|0.000E+00|0.000E+00|1.180E-01|1.106E-01|
6.495E-01|6.917E-03|6.062E-02|4.520E-02|0.000E+00|0.000E+00|1.127E-01|1.058E-01|
6.727E-01|6.464E-03|5.973E-02|4.182E-02|0.000E+00|0.000E+00|1.080E-01|1.015E-01|
6.959E-01|6.055E-03|5.888E-02|3.881E-02|0.000E+00|0.000E+00|1.037E-01|9.768E-02|
7.190E-01|5.683E-03|5.805E-02|3.612E-02|0.000E+00|0.000E+00|9.986E-02|9.417E-02|
7.422E-01|5.345E-03|5.725E-02|3.372E-02|0.000E+00|0.000E+00|9.632E-02|9.097E-02|
7.653E-01|5.036E-03|5.648E-02|3.156E-02|0.000E+00|0.000E+00|9.308E-02|8.804E-02|
7.885E-01|4.753E-03|5.573E-02|2.961E-02|0.000E+00|0.000E+00|9.009E-02|8.534E-02|
8.117E-01|4.493E-03|5.500E-02|2.784E-02|0.000E+00|0.000E+00|8.734E-02|8.285E-02|
8.348E-01|4.254E-03|5.430E-02|2.624E-02|0.000E+00|0.000E+00|8.479E-02|8.054E-02|
8.580E-01|4.034E-03|5.361E-02|2.478E-02|0.000E+00|0.000E+00|8.242E-02|7.839E-02|
8.811E-01|3.830E-03|5.295E-02|2.344E-02|0.000E+00|0.000E+00|8.022E-02|7.639E-02|
9.043E-01|3.641E-03|5.231E-02|2.222E-02|0.000E+00|0.000E+00|7.817E-02|7.453E-02|
9.275E-01|3.466E-03|5.170E-02|2.109E-02|0.000E+00|0.000E+00|7.626E-02|7.279E-02|
9.506E-01|3.303E-03|5.111E-02|2.005E-02|0.000E+00|0.000E+00|7.447E-02|7.116E-02|
9.738E-01|3.151E-03|5.054E-02|1.909E-02|0.000E+00|0.000E+00|7.279E-02|6.964E-02|
9.969E-01|3.009E-03|5.000E-02|1.821E-02|0.000E+00|0.000E+00|7.122E-02|6.821E-02|
1.020E+00|2.876E-03|4.948E-02|1.738E-02|0.000E+00|0.000E+00|6.974E-02|6.687E-02|
1.043E+00|2.752E-03|4.897E-02|1.662E-02|5.888E-07|0.000E+00|6.834E-02|6.559E-02|
1.066E+00|2.636E-03|4.846E-02|1.591E-02|4.933E-06|0.000E+00|6.701E-02|6.438E-02|
1.090E+00|2.527E-03|4.796E-02|1.525E-02|1.612E-05|0.000E+00|6.575E-02|6.322E-02|
1.113E+00|2.425E-03|4.746E-02|1.463E-02|3.622E-05|0.000E+00|6.455E-02|6.213E-02|
1.136E+00|2.329E-03|4.698E-02|1.405E-02|6.642E-05|0.000E+00|6.343E-02|6.110E-02|
1.159E+00|2.239E-03|4.651E-02|1.351E-02|1.077E-04|0.000E+00|6.236E-02|6.012E-02|
1.182E+00|2.154E-03|4.605E-02|1.300E-02|1.602E-04|0.000E+00|6.136E-02|5.921E-02|
1.205E+00|2.073E-03|4.559E-02|1.252E-02|2.242E-04|0.000E+00|6.042E-02|5.834E-02|
1.229E+00|1.997E-03|4.515E-02|1.208E-02|2.993E-04|0.000E+00|5.953E-02|5.753E-02|
1.252E+00|1.925E-03|4.473E-02|1.165E-02|3.848E-04|0.000E+00|5.869E-02|5.677E-02|
1.275E+00|1.857E-03|4.431E-02|1.125E-02|4.808E-04|0.000E+00|5.790E-02|5.605E-02|
1.298E+00|1.792E-03|4.391E-02|1.088E-02|5.865E-04|0.000E+00|5.716E-02|5.537E-02|
1.321E+00|1.731E-03|4.352E-02|1.052E-02|7.007E-04|0.000E+00|5.647E-02|5.474E-02|
1.344E+00|1.673E-03|4.313E-02|1.018E-02|8.236E-04|0.000E+00|5.581E-02|5.414E-02|
1.367E+00|1.617E-03|4.276E-02|9.865E-03|9.534E-04|0.000E+00|5.519E-02|5.357E-02|
1.391E+00|1.565E-03|4.239E-02|9.561E-03|1.091E-03|0.000E+00|5.460E-02|5.304E-02|
1.414E+00|1.514E-03|4.203E-02|9.273E-03|1.234E-03|0.000E+00|5.405E-02|5.253E-02|
1.437E+00|1.467E-03|4.168E-02|9.000E-03|1.382E-03|0.000E+00|5.352E-02|5.206E-02|
1.460E+00|1.421E-03|4.133E-02|8.739E-03|1.535E-03|0.000E+00|5.302E-02|5.160E-02|
1.483E+00|1.378E-03|4.099E-02|8.492E-03|1.691E-03|0.000E+00|5.255E-02|5.117E-02|
1.507E+00|1.336E-03|4.065E-02|8.256E-03|1.852E-03|0.000E+00|5.210E-02|5.076E-02|
1.530E+00|1.296E-03|4.032E-02|8.031E-03|2.015E-03|0.000E+00|5.167E-02|5.037E-02|
1.553E+00|1.258E-03|4.000E-02|7.817E-03|2.179E-03|0.000E+00|5.126E-02|5.000E-02|
1.576E+00|1.222E-03|3.968E-02|7.611E-03|2.346E-03|0.000E+00|5.086E-02|4.964E-02|
1.599E+00|1.187E-03|3.937E-02|7.415E-03|2.514E-03|0.000E+00|5.049E-02|4.930E-02|
1.622E+00|1.154E-03|3.906E-02|7.228E-03|2.683E-03|0.000E+00|5.013E-02|4.897E-02|
1.645E+00|1.122E-03|3.876E-02|7.048E-03|2.853E-03|0.000E+00|4.978E-02|4.866E-02|
1.669E+00|1.092E-03|3.846E-02|6.876E-03|3.023E-03|0.000E+00|4.945E-02|4.836E-02|
1.692E+00|1.062E-03|3.817E-02|6.711E-03|3.194E-03|0.000E+00|4.914E-02|4.808E-02|
1.715E+00|1.034E-03|3.789E-02|6.553E-03|3.365E-03|0.000E+00|4.884E-02|4.780E-02|
1.738E+00|1.007E-03|3.761E-02|6.401E-03|3.535E-03|0.000E+00|4.855E-02|4.754E-02|
1.761E+00|9.810E-04|3.733E-02|6.255E-03|3.706E-03|0.000E+00|4.828E-02|4.729E-02|
1.784E+00|9.561E-04|3.707E-02|6.115E-03|3.876E-03|0.000E+00|4.801E-02|4.706E-02|
1.808E+00|9.319E-04|3.680E-02|5.980E-03|4.046E-03|0.000E+00|4.776E-02|4.683E-02|
1.831E+00|9.087E-04|3.654E-02|5.850E-03|4.216E-03|0.000E+00|4.752E-02|4.661E-02|
1.854E+00|8.864E-04|3.629E-02|5.725E-03|4.386E-03|0.000E+00|4.729E-02|4.640E-02|
1.877E+00|8.648E-04|3.604E-02|5.605E-03|4.555E-03|0.000E+00|4.707E-02|4.620E-02|
1.900E+00|8.441E-04|3.580E-02|5.489E-03|4.724E-03|0.000E+00|4.686E-02|4.602E-02|
1.923E+00|8.241E-04|3.557E-02|5.377E-03|4.892E-03|0.000E+00|4.666E-02|4.584E-02|
1.947E+00|8.047E-04|3.533E-02|5.269E-03|5.061E-03|0.000E+00|4.647E-02|4.566E-02|
1.970E+00|7.861E-04|3.511E-02|5.165E-03|5.229E-03|0.000E+00|4.629E-02|4.550E-02|
1.993E+00|7.681E-04|3.489E-02|5.064E-03|5.398E-03|0.000E+00|4.612E-02|4.535E-02|
2.016E+00|7.506E-04|3.467E-02|4.967E-03|5.567E-03|0.000E+00|4.595E-02|4.520E-02|
2.039E+00|7.338E-04|3.446E-02|4.873E-03|5.734E-03|0.000E+00|4.580E-02|4.506E-02|
2.062E+00|7.175E-04|3.425E-02|4.782E-03|5.902E-03|1.772E-10|4.565E-02|4.493E-02|
2.086E+00|7.018E-04|3.404E-02|4.694E-03|6.068E-03|1.979E-09|4.550E-02|4.480E-02|
2.109E+00|6.866E-04|3.383E-02|4.609E-03|6.234E-03|7.294E-09|4.536E-02|4.467E-02|
2.132E+00|6.718E-04|3.363E-02|4.526E-03|6.400E-03|1.779E-08|4.522E-02|4.455E-02|
2.155E+00|6.576E-04|3.342E-02|4.446E-03|6.563E-03|3.487E-08|4.509E-02|4.443E-02|
2.178E+00|6.437E-04|3.322E-02|4.368E-03|6.726E-03|5.999E-08|4.496E-02|4.432E-02|
2.201E+00|6.303E-04|3.303E-02|4.293E-03|6.889E-03|9.423E-08|4.484E-02|4.421E-02|
2.224E+00|6.174E-04|3.283E-02|4.220E-03|7.049E-03|1.384E-07|4.472E-02|4.410E-02|
2.248E+00|6.048E-04|3.264E-02|4.149E-03|7.210E-03|1.938E-07|4.460E-02|4.400E-02|
2.271E+00|5.927E-04|3.245E-02|4.081E-03|7.368E-03|2.606E-07|4.449E-02|4.389E-02|
2.294E+00|5.808E-04|3.226E-02|4.014E-03|7.527E-03|3.402E-07|4.438E-02|4.380E-02|
