-7.19 -0.01 
-7.19 -0.08 
-7.22 -0.19 
-7.10 -0.65 
-7.08 -0.78 
-7.05 -0.84 
-6.92 -1.02 
-6.81 -1.21 
-6.68 -1.31 
-6.57 -1.34 
-6.46 -1.36 
-6.38 -1.47 
-6.28 -1.52 
-6.22 -1.55 
-6.14 -1.56 
-6.02 -1.76 
-6.02 -1.82 
-5.96 -2.08 
-5.96 -2.14 
-5.88 -2.25 
-5.88 -2.32 
-5.85 -2.38 
-5.80 -2.51 
-5.72 -2.68 
-5.64 -2.86 
-5.61 -2.92 
-5.43 -3.15 
-5.42 -3.21 
-5.38 -3.28 
-5.34 -3.34 
-5.30 -3.39 
-5.14 -3.55 
-5.00 -3.71 
-4.95 -3.76 
-4.90 -3.80 
-4.86 -3.85 
-4.47 -3.96 
-4.41 -3.92 
-4.57 -4.06 
-4.31 -3.98 
-4.25 -4.00 
-4.06 -4.09 
-3.67 -4.25 
-3.64 -4.28 
-3.64 -4.30 
-3.50 -4.36 
-3.43 -4.40 
-3.34 -4.44 
-3.29 -4.43 
-3.21 -4.49 
-3.11 -4.54 
-3.02 -4.57 
-2.94 -4.59 
-2.63 -4.32 
-2.62 -4.33 
-2.57 -4.35 
-2.46 -4.30 
-2.49 -4.38 
-2.28 -4.32 
-2.26 -4.33 
-2.44 -4.73 
-2.23 -4.48 
-2.17 -4.36 
-2.36 -4.76 
-2.01 -4.41 
-2.06 -4.52 
-2.17 -4.81 
-2.10 -4.80 
-2.10 -4.83 
-1.94 -4.56 
-1.85 -4.46 
-1.90 -4.84 
-1.85 -4.81 
-1.72 -4.51 
-1.78 -4.83 
-1.69 -4.57 
-1.53 -4.81 
-1.48 -4.83 
-1.32 -4.78 
-1.22 -4.80 
-1.11 -4.75 
-0.84 -4.72 
-0.78 -4.76 
-0.63 -4.78 
-0.47 -4.76 
-0.36 -4.80 
-0.31 -4.78 
-0.06 -4.80 
-0.04 -4.75 
-0.01 -4.78 
-0.01 -4.81 
0.25 -4.80 
0.30 -4.81 
0.58 -4.84 
0.70 -4.83 
0.89 -4.86 
0.89 -4.84 
0.95 -4.89 
1.16 -4.88 
1.19 -4.86 
1.69 -4.92 
1.74 -4.94 
1.80 -4.91 
1.98 -4.89 
2.15 -4.88 
2.41 -4.86 
2.54 -4.84 
2.66 -4.81 
2.84 -4.80 
3.08 -4.78 
3.14 -4.76 
3.27 -4.73 
3.51 -4.70 
3.58 -4.68 
3.62 -4.67 
3.72 -4.65 
3.80 -4.64 
3.91 -4.62 
3.94 -4.60 
3.98 -4.59 
4.15 -4.54 
4.34 -4.49 
4.47 -4.44 
4.58 -4.40 
4.94 -4.22 
5.02 -4.19 
5.08 -4.16 
5.14 -4.12 
5.37 -4.03 
5.38 -4.01 
5.50 -3.93 
5.54 -3.88 
5.88 -3.64 
5.90 -3.60 
6.01 -3.48 
6.06 -3.44 
6.42 -3.08 
6.31 -2.97 
6.50 -3.02 
6.66 -2.80 
6.71 -2.73 
6.79 -2.62 
6.87 -2.56 
6.95 -2.43 
7.11 -2.19 
7.19 -2.01 
7.26 -1.95 
7.29 -1.88 
7.40 -1.68 
7.42 -1.61 
7.48 -1.40 
7.51 -1.26 
7.53 -1.13 
7.56 -1.07 
7.58 -0.97 
7.59 -0.91 
7.61 -0.70 
7.61 -0.57 
7.61 -0.49 
7.62 -0.43 
7.64 -0.35 
7.62 -0.28 
7.64 -0.12 
7.66 0.07 
7.67 0.13 
7.66 0.26 
7.64 0.32 
7.64 0.47 
7.62 0.53 
7.62 0.60 
7.62 0.66 
7.58 0.85 
7.56 0.92 
7.54 1.16 
7.51 1.22 
7.50 1.28 
7.46 1.48 
7.32 1.84 
7.24 1.97 
7.22 2.04 
7.18 2.10 
6.97 2.40 
6.89 2.52 
6.84 2.58 
6.73 2.69 
6.60 2.85 
6.33 3.12 
6.30 3.19 
6.22 3.24 
6.20 3.30 
6.09 3.41 
5.99 3.52 
5.80 3.67 
5.70 3.72 
5.50 3.86 
5.48 3.91 
5.37 3.97 
5.34 3.99 
5.35 4.00 
5.13 4.10 
5.10 4.13 
5.05 4.16 
5.00 4.20 
4.95 4.23 
4.87 4.26 
4.86 4.29 
4.68 4.34 
4.68 4.37 
4.47 4.45 
4.42 4.47 
4.38 4.48 
4.04 4.55 
4.02 4.58 
3.78 4.64 
3.66 4.66 
3.24 4.79 
2.95 4.68 
2.94 4.79 
2.84 4.80 
2.84 4.82 
2.79 4.84 
2.47 4.87 
2.22 4.88 
2.17 4.90 
1.86 4.90 
1.70 4.92 
1.53 4.90 
0.95 5.01 
0.44 4.85 
0.39 4.87 
0.20 4.84 
-0.02 4.82 
-0.10 4.84 
-0.33 4.82 
-0.33 4.80 
-0.63 4.80 
-0.73 4.79 
-0.78 4.77 
-0.92 4.76 
-1.08 4.77 
-1.18 4.79 
-1.35 4.82 
-1.43 4.80 
-1.58 4.85 
-1.59 4.84 
-1.88 4.85 
-1.90 4.84 
-1.80 4.56 
-1.85 4.60 
-1.86 4.50 
-1.88 4.52 
-2.02 4.82 
-1.94 4.58 
-2.01 4.53 
-2.20 4.84 
-2.18 4.48 
-2.41 4.79 
-2.55 4.74 
-2.57 4.76 
-2.63 4.72 
-2.68 4.71 
-2.68 4.69 
-2.95 4.61 
-3.11 4.55 
-3.18 4.50 
-3.22 4.52 
-3.35 4.42 
-3.46 4.39 
-3.64 4.31 
-4.17 4.07 
-4.20 4.05 
-4.20 4.02 
-4.23 4.04 
-4.44 3.94 
-4.89 3.81 
-4.95 3.76 
-5.06 3.62 
-5.11 3.57 
-5.26 3.46 
-5.32 3.35 
-5.54 3.06 
-5.53 3.01 
-5.56 2.96 
-5.61 2.90 
-5.66 2.79 
-5.69 2.74 
-5.75 2.63 
-5.83 2.45 
-5.86 2.34 
-5.91 2.28 
-5.93 2.21 
-5.96 2.15 
-5.99 1.91 
-6.01 1.78 
-6.01 1.72 
-6.02 1.64 
-6.01 1.59 
-6.01 1.57 
-6.04 1.56 
-6.30 1.52 
-6.44 1.40 
-6.62 1.36 
-6.49 1.33 
-6.62 1.35 
-6.84 1.08 
-6.90 1.03 
-7.03 0.96 
-7.10 0.77 
-7.08 0.71 
-7.21 0.39 
-7.21 0.18 
-7.22 0.00 
