    1  1426- 1481  1453.75   295.02   1.32  1.435E+04  432.68   2.161E+04 
    2  1711- 1756  1733.82   351.88   1.28  4.356E+04  387.45   1.579E+04 
    3  2473- 2552  2513.63   510.19   2.63  4.948E+03  421.33   1.569E+04 
    4  2965- 3041  3001.85   609.31   1.46  8.423E+04  445.56   1.077E+04 
    5  3748- 3824  3785.48   768.40   1.58  9.383E+03  295.51   7.333E+03 
    6  4566- 4642  4602.55   934.28   1.64  5.832E+03  268.27   6.214E+03 
    7  5480- 5552  5518.29  1120.19   1.70  2.530E+04  257.46   4.032E+03 
    8  6057- 6139  6098.77  1238.04   1.71  9.268E+03  226.98   3.714E+03 
    9  7168- 7223  7196.05  1460.81   1.57  5.490E+02  135.70   2.233E+03 
   10  7393- 7482  7435.69  1509.46   1.90  3.088E+03  227.33   3.969E+03 
   11  8652- 8737  8691.91  1764.49   2.09  2.004E+04  175.77   9.321E+02 
   12 10809-10901 10856.99  2204.04   2.44  5.574E+03   98.19   3.180E+02 
   13 11992-12112 12057.01  2447.66   2.31  1.583E+03   47.78   4.425E+01 
