    1  1426- 1481  1453.69   295.01   1.25  1.013E+04  401.33   1.887E+04 
    2  1711- 1756  1733.77   351.87   1.28  3.170E+04  353.26   1.379E+04 
    3  2473- 2552  2513.24   510.12   2.59  4.975E+03  396.46   1.383E+04 
    4  2965- 3041  3001.92   609.33   1.43  6.930E+04  419.17   1.002E+04 
    5  3748- 3824  3785.57   768.42   1.54  7.578E+03  284.80   6.919E+03 
    6  4566- 4642  4602.80   934.33   1.59  4.336E+03  269.36   6.414E+03 
    7  5480- 5552  5518.39  1120.21   1.74  2.175E+04  247.59   3.901E+03 
    8  6057- 6139  6099.11  1238.11   1.80  7.592E+03  228.46   3.916E+03 
    9  7168- 7223  7195.96  1460.79   0.95  3.291E+02  131.10   2.107E+03 
   10  7393- 7482  7436.40  1509.60   1.91  2.665E+03  213.12   3.492E+03 
   11  8652- 8737  8692.23  1764.56   2.11  1.771E+04  168.84   9.249E+02 
   12 10809-10901 10857.27  2204.10   2.39  4.618E+03  100.09   4.229E+02 
   13 11992-12112 12057.04  2447.67   2.29  1.425E+03   43.76   3.025E+01 
