    1  1426- 1481  1453.71   295.01   1.19  6.919E+03  392.78   1.842E+04 
    2  1711- 1756  1733.70   351.86   1.30  2.546E+04  339.45   1.330E+04 
    3  2473- 2552  2513.45   510.16   2.88  4.358E+03  391.06   1.351E+04 
    4  2965- 3041  3001.87   609.32   1.48  6.072E+04  400.31   9.381E+03 
    5  3748- 3824  3785.69   768.44   1.49  7.049E+03  277.71   6.597E+03 
    6  4566- 4642  4602.74   934.32   1.62  4.191E+03  259.36   5.918E+03 
    7  5480- 5552  5518.44  1120.22   1.77  1.960E+04  239.45   3.720E+03 
    8  6057- 6139  6098.80  1238.05   1.79  7.345E+03  208.99   3.195E+03 
    9  7168- 7223  7195.94  1460.78   1.86  4.893E+02  127.37   1.961E+03 
   10  7393- 7482  7435.60  1509.44   1.98  2.456E+03  210.62   3.430E+03 
   11  8652- 8737  8692.36  1764.58   2.20  1.701E+04  158.32   6.806E+02 
   12 10809-10901 10857.40  2204.12   2.31  4.451E+03   96.87   3.870E+02 
   13 11992-12112 12057.46  2447.75   2.21  1.354E+03   55.77   1.071E+02 
