    1  1426- 1481  1453.89   295.05   1.30  1.236E+04  423.87   2.091E+04 
    2  1711- 1756  1733.82   351.88   1.29  3.943E+04  370.40   1.449E+04 
    3  2473- 2552  2513.29   510.13   2.93  4.862E+03  414.34   1.516E+04 
    4  2965- 3041  3001.88   609.32   1.46  7.938E+04  434.23   1.030E+04 
    5  3748- 3824  3785.30   768.37   1.46  8.758E+03  295.44   7.392E+03 
    6  4566- 4642  4602.49   934.27   1.72  4.944E+03  275.72   6.681E+03 
    7  5480- 5552  5518.49  1120.23   1.75  2.365E+04  256.15   4.125E+03 
    8  6057- 6139  6098.86  1238.06   1.80  9.223E+03  213.74   3.200E+03 
    9  7168- 7223  7196.31  1460.86   0.53  4.101E+02  135.60   2.247E+03 
   10  7393- 7482  7436.27  1509.57   1.94  2.808E+03  225.52   3.921E+03 
   11  8652- 8737  8692.17  1764.54   2.05  1.998E+04  164.77   6.150E+02 
   12 10809-10901 10857.17  2204.08   2.20  5.154E+03  102.39   4.202E+02 
   13 11992-12112 12057.32  2447.73   2.47  1.621E+03   45.13   2.784E+01 
