    1  1426- 1481  1453.79   295.03   1.18  9.592E+03  403.64   1.917E+04 
    2  1711- 1756  1733.77   351.87   1.29  2.999E+04  348.35   1.354E+04 
    3  2473- 2552  2513.60   510.19   2.51  4.519E+03  398.72   1.403E+04 
    4  2965- 3041  3001.85   609.31   1.45  6.243E+04  417.53   1.056E+04 
    5  3748- 3824  3785.69   768.44   1.58  7.131E+03  280.59   6.737E+03 
    6  4566- 4642  4602.83   934.34   1.61  4.595E+03  255.00   5.674E+03 
    7  5480- 5552  5518.45  1120.23   1.74  1.992E+04  237.52   3.595E+03 
    8  6057- 6139  6098.87  1238.06   1.76  7.756E+03  213.35   3.320E+03 
    9  7168- 7223  7195.19  1460.63   1.60  5.038E+02  128.37   1.995E+03 
   10  7393- 7482  7435.95  1509.51   1.93  2.376E+03  211.36   3.455E+03 
   11  8652- 8737  8692.32  1764.57   2.06  1.711E+04  166.62   9.030E+02 
   12 10809-10901 10857.39  2204.12   2.47  4.711E+03   82.02   1.554E+02 
   13 11992-12112 12057.57  2447.78   2.52  1.391E+03   44.30   3.279E+01 
