    1  1426- 1481  1453.12   294.89   1.03  1.419E+03  275.70   9.320E+03 
    2  1711- 1756  1733.24   351.76   1.30  3.287E+03  222.01   6.816E+03 
    3  2473- 2552  2512.85   510.04   1.96  9.322E+02  295.42   7.848E+03 
    4  2965- 3041  3001.55   609.25   1.41  1.130E+04  262.44   5.441E+03 
    5  3748- 3824  3785.67   768.44   1.71  1.657E+03  198.64   3.561E+03 
    6  4566- 4642  4602.29   934.23   1.70  1.082E+03  177.19   2.842E+03 
    7  5480- 5552  5518.04  1120.14   1.63  5.496E+03  156.54   1.873E+03 
    8  6057- 6139  6098.53  1237.99   1.73  2.346E+03  145.70   1.660E+03 
    9  7168- 7223  7195.89  1460.77   1.74  4.120E+02   89.91   9.590E+02 
   10  7393- 7482  7436.16  1509.55   1.89  1.035E+03  132.05   1.332E+03 
   11  8652- 8737  8691.98  1764.51   2.07  6.250E+03  104.70   3.985E+02 
   12 10809-10901 10857.21  2204.08   2.23  1.948E+03   54.85   8.266E+01 
   13 11992-12112 12057.07  2447.68   2.29  6.080E+02   24.66   0.000E+00 
