    1  1426- 1481  1453.85   295.04   1.22  9.736E+03  397.47   1.853E+04 
    2  1711- 1756  1733.80   351.88   1.30  3.166E+04  357.16   1.421E+04 
    3  2473- 2552  2513.61   510.19   2.88  5.306E+03  401.18   1.413E+04 
    4  2965- 3041  3001.90   609.32   1.45  7.352E+04  432.98   1.076E+04 
    5  3748- 3824  3785.67   768.44   1.58  7.944E+03  296.23   7.508E+03 
    6  4566- 4642  4602.77   934.33   1.65  4.704E+03  273.43   6.591E+03 
    7  5480- 5552  5518.47  1120.23   1.74  2.274E+04  253.20   4.060E+03 
    8  6057- 6139  6098.94  1238.07   1.79  8.754E+03  217.98   3.405E+03 
    9  7168- 7223  7195.66  1460.73   1.77  3.935E+02  133.70   2.185E+03 
   10  7393- 7482  7436.13  1509.55   1.84  2.664E+03  223.22   3.846E+03 
   11  8652- 8737  8692.10  1764.53   2.13  1.924E+04  170.58   8.371E+02 
   12 10809-10901 10857.21  2204.08   2.25  5.011E+03  103.76   4.486E+02 
   13 11992-12112 12057.75  2447.81   2.08  1.488E+03   47.61   4.669E+01 
