    1  1426- 1481  1453.60   294.99   1.26  2.580E+03  332.19   1.346E+04 
    2  1711- 1756  1733.61   351.84   1.25  1.291E+04  284.86   1.011E+04 
    3  2473- 2552  2513.53   510.17   2.76  4.310E+03  360.04   1.139E+04 
    4  2965- 3041  3001.87   609.31   1.47  5.058E+04  377.73   8.689E+03 
    5  3748- 3824  3785.70   768.45   1.60  6.028E+03  272.55   6.425E+03 
    6  4566- 4642  4602.45   934.26   1.56  3.690E+03  260.97   6.032E+03 
    7  5480- 5552  5518.28  1120.19   1.75  1.879E+04  230.88   3.402E+03 
    8  6057- 6139  6098.59  1238.00   1.83  7.274E+03  207.15   3.133E+03 
    9  7168- 7223  7195.06  1460.60   1.12  4.089E+02  125.46   1.916E+03 
   10  7393- 7482  7436.28  1509.58   2.03  2.231E+03  206.02   3.286E+03 
   11  8652- 8737  8692.04  1764.52   2.11  1.636E+04  157.91   7.336E+02 
   12 10809-10901 10857.11  2204.06   2.39  4.521E+03   87.07   2.373E+02 
   13 11992-12112 12056.91  2447.64   2.19  1.293E+03   49.85   7.452E+01 
