1.000E-02	4.982E+00	4.540E-02	1.256E+02	0.000E+00	0.000E+00	1.306E+02	1.257E+02
	1.304E-02	3.851E+00	5.435E-02	6.310E+01	0.000E+00	0.000E+00	6.700E+01	6.315E+01
1.304E-02	3.851E+00	5.435E-02	1.582E+02	0.000E+00	0.000E+00	1.621E+02	1.583E+02
	1.500E-02	3.308E+00	5.920E-02	1.082E+02	0.000E+00	0.000E+00	1.116E+02	1.083E+02
	1.520E-02	3.258E+00	5.964E-02	1.045E+02	0.000E+00	0.000E+00	1.078E+02	1.045E+02
1.520E-02	3.258E+00	5.964E-02	1.452E+02	0.000E+00	0.000E+00	1.485E+02	1.453E+02
	1.553E-02	3.180E+00	6.037E-02	1.380E+02	0.000E+00	0.000E+00	1.412E+02	1.381E+02
	1.586E-02	3.104E+00	6.112E-02	1.312E+02	0.000E+00	0.000E+00	1.344E+02	1.313E+02
1.586E-02	3.104E+00	6.112E-02	1.517E+02	0.000E+00	0.000E+00	1.548E+02	1.517E+02
	2.000E-02	2.338E+00	6.897E-02	8.397E+01	0.000E+00	0.000E+00	8.637E+01	8.404E+01
	3.000E-02	1.377E+00	8.228E-02	2.886E+01	0.000E+00	0.000E+00	3.032E+01	2.894E+01
	4.000E-02	9.202E-01	9.019E-02	1.335E+01	0.000E+00	0.000E+00	1.436E+01	1.344E+01
	5.000E-02	6.545E-01	9.478E-02	7.292E+00	0.000E+00	0.000E+00	8.042E+00	7.387E+00
	6.000E-02	4.900E-01	9.734E-02	4.432E+00	0.000E+00	0.000E+00	5.020E+00	4.530E+00
	8.000E-02	3.078E-01	9.923E-02	2.012E+00	0.000E+00	0.000E+00	2.419E+00	2.112E+00
	8.800E-02	2.632E-01	9.928E-02	1.547E+00	0.000E+00	0.000E+00	1.910E+00	1.647E+00
8.800E-02	2.632E-01	9.928E-02	7.321E+00	0.000E+00	0.000E+00	7.684E+00	7.421E+00
1.000E-01	2.128E-01	9.894E-02	5.237E+00	0.000E+00	0.000E+00	5.549E+00	5.336E+00
1.500E-01	1.049E-01	9.484E-02	1.815E+00	0.000E+00	0.000E+00	2.015E+00	1.910E+00
2.000E-01	6.260E-02	8.966E-02	8.464E-01	0.000E+00	0.000E+00	9.986E-01	9.360E-01
3.000E-01	2.988E-02	8.036E-02	2.930E-01	0.000E+00	0.000E+00	4.032E-01	3.733E-01
4.000E-01	1.746E-02	7.310E-02	1.417E-01	0.000E+00	0.000E+00	2.323E-01	2.148E-01
5.000E-01	1.143E-02	6.734E-02	8.257E-02	0.000E+00	0.000E+00	1.613E-01	1.499E-01
6.000E-01	8.060E-03	6.263E-02	5.406E-02	0.000E+00	0.000E+00	1.248E-01	1.167E-01
8.000E-01	4.621E-03	5.537E-02	2.871E-02	0.000E+00	0.000E+00	8.870E-02	8.408E-02
1.000E+00	2.991E-03	4.993E-02	1.810E-02	0.000E+00	0.000E+00	7.102E-02	6.803E-02
1.022E+00	2.865E-03	4.944E-02	1.732E-02	0.000E+00	0.000E+00	6.962E-02	6.676E-02
1.250E+00	1.930E-03	4.476E-02	1.168E-02	3.781E-04	0.000E+00	5.875E-02	5.682E-02
1.500E+00	1.347E-03	4.075E-02	8.321E-03	1.806E-03	0.000E+00	5.222E-02	5.088E-02
2.000E+00	7.626E-04	3.482E-02	5.034E-03	5.450E-03	0.000E+00	4.607E-02	4.530E-02
2.044E+00	7.304E-04	3.441E-02	4.854E-03	5.769E-03	0.000E+00	4.577E-02	4.504E-02
3.000E+00	3.406E-04	2.744E-02	2.631E-03	1.192E-02	9.585E-06	4.234E-02	4.200E-02
4.000E+00	1.919E-04	2.290E-02	1.723E-03	1.712E-02	3.906E-05	4.198E-02	4.178E-02
5.000E+00	1.229E-04	1.978E-02	1.263E-03	2.148E-02	7.769E-05	4.272E-02	4.260E-02
6.000E+00	8.542E-05	1.749E-02	9.894E-04	2.523E-02	1.191E-04	4.391E-02	4.382E-02
7.000E+00	6.278E-05	1.572E-02	8.103E-04	2.853E-02	1.602E-04	4.528E-02	4.522E-02
8.000E+00	4.807E-05	1.431E-02	6.845E-04	3.151E-02	2.000E-04	4.675E-02	4.670E-02
9.000E+00	3.799E-05	1.315E-02	5.915E-04	3.421E-02	2.380E-04	4.823E-02	4.819E-02
1.000E+01	3.078E-05	1.219E-02	5.203E-04	3.671E-02	2.740E-04	4.972E-02	4.969E-02